100 4950
0 1 3
0 2 8
0 3 3
0 4 7
0 5 1
0 6 2
0 7 9
0 8 2
0 9 1
0 10 1
0 11 1
0 12 5
0 13 4
0 14 2
0 15 7
0 16 4
0 17 10
0 18 6
0 19 6
0 20 2
0 21 7
0 22 7
0 23 8
0 24 8
0 25 8
0 26 1
0 27 9
0 28 7
0 29 6
0 30 8
0 31 3
0 32 5
0 33 5
0 34 1
0 35 10
0 36 8
0 37 6
0 38 3
0 39 8
0 40 6
0 41 9
0 42 8
0 43 3
0 44 3
0 45 9
0 46 6
0 47 7
0 48 2
0 49 4
0 50 7
0 51 5
0 52 1
0 53 10
0 54 1
0 55 9
0 56 3
0 57 9
0 58 10
0 59 6
0 60 7
0 61 7
0 62 5
0 63 2
0 64 8
0 65 8
0 66 2
0 67 5
0 68 5
0 69 2
0 70 10
0 71 6
0 72 2
0 73 9
0 74 7
0 75 1
0 76 10
0 77 3
0 78 9
0 79 3
0 80 1
0 81 9
0 82 2
0 83 8
0 84 10
0 85 5
0 86 10
0 87 3
0 88 4
0 89 2
0 90 5
0 91 5
0 92 8
0 93 4
0 94 2
0 95 8
0 96 3
0 97 4
0 98 1
0 99 10
2 1 6
2 3 9
2 4 2
2 5 6
2 6 7
2 7 10
2 8 3
2 9 4
2 10 6
2 11 1
2 12 7
2 13 8
2 14 4
2 15 8
2 16 3
2 17 1
2 18 1
2 19 9
2 20 3
2 21 6
2 22 3
2 23 7
2 24 2
2 25 8
2 26 3
2 27 3
2 28 8
2 29 10
2 30 2
2 31 8
2 32 9
2 33 7
2 34 10
2 35 8
2 36 8
2 37 6
2 38 6
2 39 1
2 40 2
2 41 4
2 42 9
2 43 1
2 44 8
2 45 1
2 46 7
2 47 9
2 48 7
2 49 10
2 50 2
2 51 3
2 52 6
2 53 2
2 54 5
2 55 2
2 56 4
2 57 3
2 58 3
2 59 2
2 60 6
2 61 10
2 62 7
2 63 4
2 64 8
2 65 9
2 66 5
2 67 6
2 68 10
2 69 2
2 70 6
2 71 9
2 72 4
2 73 9
2 74 1
2 75 10
2 76 1
2 77 4
2 78 7
2 79 3
2 80 8
2 81 6
2 82 8
2 83 8
2 84 3
2 85 5
2 86 8
2 87 9
2 88 2
2 89 9
2 90 10
2 91 10
2 92 8
2 93 6
2 94 5
2 95 2
2 96 4
2 97 2
2 98 8
2 99 5
3 1 10
3 4 5
3 5 8
3 6 4
3 7 2
3 8 4
3 9 3
3 10 5
3 11 8
3 12 4
3 13 8
3 14 6
3 15 7
3 16 8
3 17 3
3 18 9
3 19 10
3 20 9
3 21 7
3 22 9
3 23 1
3 24 7
3 25 9
3 26 3
3 27 3
3 28 5
3 29 6
3 30 9
3 31 3
3 32 7
3 33 3
3 34 1
3 35 1
3 36 4
3 37 5
3 38 9
3 39 6
3 40 8
3 41 7
3 42 7
3 43 7
3 44 2
3 45 5
3 46 7
3 47 7
3 48 10
3 49 2
3 50 10
3 51 7
3 52 5
3 53 9
3 54 2
3 55 5
3 56 8
3 57 7
3 58 6
3 59 6
3 60 3
3 61 9
3 62 7
3 63 1
3 64 1
3 65 5
3 66 3
3 67 1
3 68 8
3 69 6
3 70 8
3 71 4
3 72 6
3 73 4
3 74 6
3 75 7
3 76 1
3 77 10
3 78 7
3 79 3
3 80 9
3 81 6
3 82 10
3 83 1
3 84 6
3 85 9
3 86 2
3 87 3
3 88 5
3 89 4
3 90 8
3 91 5
3 92 9
3 93 9
3 94 6
3 95 5
3 96 9
3 97 4
3 98 1
3 99 3
4 1 4
4 5 9
4 6 4
4 7 6
4 8 5
4 9 1
4 10 1
4 11 7
4 12 3
4 13 5
4 14 9
4 15 7
4 16 8
4 17 9
4 18 6
4 19 6
4 20 2
4 21 4
4 22 7
4 23 9
4 24 1
4 25 9
4 26 6
4 27 1
4 28 1
4 29 10
4 30 8
4 31 10
4 32 1
4 33 1
4 34 8
4 35 3
4 36 2
4 37 8
4 38 9
4 39 6
4 40 6
4 41 1
4 42 8
4 43 7
4 44 10
4 45 5
4 46 10
4 47 4
4 48 2
4 49 10
4 50 6
4 51 5
4 52 6
4 53 5
4 54 2
4 55 4
4 56 2
4 57 3
4 58 5
4 59 9
4 60 10
4 61 8
4 62 7
4 63 10
4 64 3
4 65 3
4 66 10
4 67 4
4 68 5
4 69 1
4 70 5
4 71 10
4 72 1
4 73 4
4 74 5
4 75 5
4 76 6
4 77 6
4 78 1
4 79 7
4 80 4
4 81 3
4 82 3
4 83 1
4 84 3
4 85 6
4 86 4
4 87 8
4 88 7
4 89 6
4 90 5
4 91 7
4 92 1
4 93 1
4 94 4
4 95 2
4 96 7
4 97 2
4 98 1
4 99 4
5 1 10
5 6 8
5 7 10
5 8 7
5 9 5
5 10 6
5 11 6
5 12 7
5 13 5
5 14 6
5 15 5
5 16 10
5 17 9
5 18 1
5 19 5
5 20 5
5 21 9
5 22 10
5 23 5
5 24 7
5 25 4
5 26 6
5 27 1
5 28 7
5 29 5
5 30 6
5 31 9
5 32 6
5 33 6
5 34 5
5 35 2
5 36 9
5 37 2
5 38 6
5 39 8
5 40 10
5 41 4
5 42 8
5 43 10
5 44 9
5 45 7
5 46 6
5 47 1
5 48 3
5 49 10
5 50 8
5 51 2
5 52 6
5 53 9
5 54 1
5 55 9
5 56 4
5 57 3
5 58 3
5 59 8
5 60 9
5 61 10
5 62 2
5 63 3
5 64 1
5 65 6
5 66 4
5 67 8
5 68 8
5 69 6
5 70 2
5 71 1
5 72 4
5 73 3
5 74 6
5 75 10
5 76 4
5 77 8
5 78 5
5 79 2
5 80 8
5 81 8
5 82 1
5 83 9
5 84 9
5 85 10
5 86 9
5 87 8
5 88 6
5 89 8
5 90 5
5 91 2
5 92 8
5 93 8
5 94 9
5 95 5
5 96 10
5 97 6
5 98 10
5 99 7
6 1 5
6 7 7
6 8 2
6 9 3
6 10 5
6 11 5
6 12 7
6 13 8
6 14 2
6 15 5
6 16 5
6 17 9
6 18 3
6 19 2
6 20 7
6 21 5
6 22 6
6 23 9
6 24 10
6 25 7
6 26 7
6 27 4
6 28 5
6 29 7
6 30 9
6 31 7
6 32 3
6 33 5
6 34 7
6 35 2
6 36 2
6 37 3
6 38 1
6 39 7
6 40 5
6 41 9
6 42 4
6 43 1
6 44 8
6 45 5
6 46 10
6 47 10
6 48 3
6 49 9
6 50 8
6 51 7
6 52 10
6 53 10
6 54 4
6 55 6
6 56 5
6 57 4
6 58 5
6 59 2
6 60 3
6 61 8
6 62 2
6 63 6
6 64 9
6 65 6
6 66 2
6 67 5
6 68 1
6 69 2
6 70 5
6 71 6
6 72 4
6 73 2
6 74 7
6 75 1
6 76 8
6 77 4
6 78 9
6 79 2
6 80 6
6 81 8
6 82 4
6 83 10
6 84 2
6 85 8
6 86 5
6 87 10
6 88 10
6 89 4
6 90 3
6 91 4
6 92 10
6 93 4
6 94 3
6 95 2
6 96 4
6 97 4
6 98 4
6 99 2
7 1 6
7 8 3
7 9 7
7 10 2
7 11 9
7 12 6
7 13 7
7 14 10
7 15 10
7 16 3
7 17 10
7 18 3
7 19 3
7 20 9
7 21 4
7 22 3
7 23 10
7 24 6
7 25 2
7 26 7
7 27 6
7 28 7
7 29 1
7 30 5
7 31 6
7 32 9
7 33 7
7 34 1
7 35 5
7 36 7
7 37 9
7 38 4
7 39 2
7 40 8
7 41 7
7 42 3
7 43 10
7 44 4
7 45 5
7 46 2
7 47 1
7 48 7
7 49 3
7 50 10
7 51 7
7 52 4
7 53 6
7 54 10
7 55 2
7 56 10
7 57 7
7 58 9
7 59 7
7 60 4
7 61 10
7 62 3
7 63 8
7 64 4
7 65 7
7 66 9
7 67 5
7 68 3
7 69 1
7 70 6
7 71 4
7 72 9
7 73 10
7 74 3
7 75 1
7 76 6
7 77 8
7 78 10
7 79 8
7 80 6
7 81 10
7 82 3
7 83 10
7 84 3
7 85 2
7 86 6
7 87 1
7 88 10
7 89 1
7 90 4
7 91 10
7 92 7
7 93 10
7 94 3
7 95 10
7 96 1
7 97 7
7 98 3
7 99 8
8 1 6
8 9 1
8 10 9
8 11 6
8 12 7
8 13 2
8 14 4
8 15 6
8 16 2
8 17 3
8 18 2
8 19 2
8 20 1
8 21 1
8 22 7
8 23 4
8 24 5
8 25 1
8 26 6
8 27 1
8 28 10
8 29 6
8 30 4
8 31 6
8 32 3
8 33 9
8 34 5
8 35 7
8 36 5
8 37 2
8 38 3
8 39 6
8 40 10
8 41 6
8 42 3
8 43 5
8 44 4
8 45 2
8 46 8
8 47 9
8 48 8
8 49 7
8 50 10
8 51 8
8 52 4
8 53 4
8 54 9
8 55 3
8 56 7
8 57 7
8 58 6
8 59 5
8 60 5
8 61 9
8 62 4
8 63 5
8 64 2
8 65 2
8 66 8
8 67 3
8 68 5
8 69 4
8 70 9
8 71 3
8 72 10
8 73 7
8 74 8
8 75 7
8 76 7
8 77 4
8 78 5
8 79 9
8 80 8
8 81 6
8 82 9
8 83 8
8 84 3
8 85 7
8 86 7
8 87 3
8 88 10
8 89 3
8 90 3
8 91 1
8 92 6
8 93 5
8 94 2
8 95 2
8 96 10
8 97 2
8 98 4
8 99 4
9 1 7
9 10 8
9 11 5
9 12 2
9 13 4
9 14 9
9 15 1
9 16 3
9 17 2
9 18 2
9 19 1
9 20 7
9 21 5
9 22 6
9 23 5
9 24 7
9 25 1
9 26 8
9 27 4
9 28 9
9 29 3
9 30 6
9 31 3
9 32 4
9 33 8
9 34 4
9 35 1
9 36 1
9 37 5
9 38 6
9 39 2
9 40 8
9 41 1
9 42 4
9 43 5
9 44 6
9 45 8
9 46 4
9 47 6
9 48 4
9 49 5
9 50 5
9 51 2
9 52 5
9 53 5
9 54 10
9 55 1
9 56 2
9 57 1
9 58 2
9 59 3
9 60 10
9 61 3
9 62 1
9 63 8
9 64 1
9 65 10
9 66 3
9 67 5
9 68 10
9 69 5
9 70 4
9 71 3
9 72 8
9 73 10
9 74 5
9 75 9
9 76 9
9 77 6
9 78 6
9 79 10
9 80 8
9 81 2
9 82 7
9 83 4
9 84 1
9 85 6
9 86 5
9 87 8
9 88 4
9 89 1
9 90 1
9 91 6
9 92 2
9 93 4
9 94 9
9 95 1
9 96 9
9 97 6
9 98 9
9 99 8
10 1 8
10 11 5
10 12 7
10 13 5
10 14 1
10 15 7
10 16 1
10 17 2
10 18 5
10 19 8
10 20 10
10 21 9
10 22 4
10 23 9
10 24 4
10 25 6
10 26 1
10 27 8
10 28 1
10 29 5
10 30 7
10 31 4
10 32 8
10 33 4
10 34 2
10 35 3
10 36 6
10 37 3
10 38 5
10 39 8
10 40 10
10 41 4
10 42 4
10 43 2
10 44 6
10 45 6
10 46 10
10 47 9
10 48 4
10 49 6
10 50 3
10 51 9
10 52 2
10 53 8
10 54 7
10 55 2
10 56 6
10 57 8
10 58 8
10 59 4
10 60 3
10 61 3
10 62 8
10 63 7
10 64 5
10 65 9
10 66 3
10 67 5
10 68 7
10 69 2
10 70 10
10 71 9
10 72 9
10 73 4
10 74 8
10 75 8
10 76 8
10 77 3
10 78 5
10 79 5
10 80 7
10 81 2
10 82 7
10 83 7
10 84 8
10 85 3
10 86 4
10 87 10
10 88 8
10 89 10
10 90 4
10 91 6
10 92 8
10 93 2
10 94 5
10 95 3
10 96 8
10 97 8
10 98 2
10 99 1
11 1 3
11 12 7
11 13 5
11 14 3
11 15 1
11 16 10
11 17 5
11 18 9
11 19 8
11 20 4
11 21 6
11 22 9
11 23 9
11 24 5
11 25 4
11 26 1
11 27 5
11 28 8
11 29 2
11 30 6
11 31 7
11 32 2
11 33 8
11 34 8
11 35 2
11 36 9
11 37 3
11 38 1
11 39 10
11 40 6
11 41 6
11 42 4
11 43 1
11 44 9
11 45 5
11 46 8
11 47 5
11 48 6
11 49 5
11 50 1
11 51 8
11 52 7
11 53 6
11 54 5
11 55 2
11 56 7
11 57 2
11 58 1
11 59 2
11 60 1
11 61 8
11 62 7
11 63 9
11 64 10
11 65 2
11 66 5
11 67 5
11 68 1
11 69 5
11 70 9
11 71 7
11 72 9
11 73 9
11 74 4
11 75 5
11 76 10
11 77 4
11 78 3
11 79 8
11 80 8
11 81 8
11 82 3
11 83 4
11 84 3
11 85 1
11 86 1
11 87 10
11 88 4
11 89 5
11 90 6
11 91 9
11 92 10
11 93 9
11 94 7
11 95 3
11 96 10
11 97 2
11 98 5
11 99 5
12 1 8
12 13 1
12 14 3
12 15 6
12 16 3
12 17 6
12 18 5
12 19 7
12 20 9
12 21 9
12 22 2
12 23 10
12 24 8
12 25 3
12 26 7
12 27 1
12 28 5
12 29 3
12 30 4
12 31 9
12 32 8
12 33 1
12 34 9
12 35 6
12 36 9
12 37 7
12 38 6
12 39 7
12 40 6
12 41 5
12 42 6
12 43 2
12 44 5
12 45 4
12 46 9
12 47 5
12 48 8
12 49 3
12 50 6
12 51 2
12 52 2
12 53 1
12 54 3
12 55 7
12 56 4
12 57 7
12 58 8
12 59 3
12 60 4
12 61 2
12 62 4
12 63 4
12 64 3
12 65 2
12 66 2
12 67 9
12 68 7
12 69 8
12 70 3
12 71 3
12 72 7
12 73 5
12 74 4
12 75 9
12 76 5
12 77 8
12 78 5
12 79 4
12 80 4
12 81 5
12 82 2
12 83 6
12 84 8
12 85 3
12 86 5
12 87 9
12 88 6
12 89 4
12 90 4
12 91 4
12 92 1
12 93 9
12 94 10
12 95 3
12 96 1
12 97 9
12 98 3
12 99 8
13 1 6
13 14 10
13 15 9
13 16 2
13 17 1
13 18 10
13 19 2
13 20 7
13 21 8
13 22 3
13 23 8
13 24 5
13 25 4
13 26 2
13 27 7
13 28 4
13 29 5
13 30 4
13 31 7
13 32 10
13 33 4
13 34 7
13 35 5
13 36 4
13 37 5
13 38 10
13 39 10
13 40 10
13 41 9
13 42 4
13 43 7
13 44 9
13 45 5
13 46 2
13 47 10
13 48 5
13 49 3
13 50 10
13 51 9
13 52 5
13 53 10
13 54 5
13 55 2
13 56 3
13 57 8
13 58 4
13 59 9
13 60 4
13 61 7
13 62 7
13 63 7
13 64 7
13 65 7
13 66 2
13 67 8
13 68 7
13 69 10
13 70 7
13 71 3
13 72 1
13 73 5
13 74 9
13 75 3
13 76 8
13 77 6
13 78 5
13 79 2
13 80 8
13 81 5
13 82 1
13 83 1
13 84 8
13 85 1
13 86 1
13 87 7
13 88 8
13 89 7
13 90 1
13 91 10
13 92 8
13 93 6
13 94 6
13 95 5
13 96 4
13 97 1
13 98 2
13 99 6
14 1 7
14 15 3
14 16 9
14 17 5
14 18 8
14 19 8
14 20 8
14 21 10
14 22 8
14 23 9
14 24 7
14 25 5
14 26 3
14 27 4
14 28 2
14 29 4
14 30 10
14 31 8
14 32 4
14 33 3
14 34 8
14 35 7
14 36 6
14 37 7
14 38 1
14 39 8
14 40 5
14 41 3
14 42 6
14 43 9
14 44 8
14 45 1
14 46 3
14 47 1
14 48 10
14 49 8
14 50 7
14 51 9
14 52 6
14 53 7
14 54 1
14 55 10
14 56 2
14 57 5
14 58 6
14 59 10
14 60 1
14 61 8
14 62 5
14 63 4
14 64 5
14 65 4
14 66 2
14 67 9
14 68 9
14 69 3
14 70 7
14 71 10
14 72 2
14 73 6
14 74 7
14 75 10
14 76 8
14 77 1
14 78 9
14 79 10
14 80 3
14 81 6
14 82 4
14 83 8
14 84 4
14 85 2
14 86 1
14 87 7
14 88 8
14 89 2
14 90 10
14 91 3
14 92 7
14 93 5
14 94 4
14 95 7
14 96 10
14 97 9
14 98 8
14 99 6
15 1 8
15 16 3
15 17 2
15 18 6
15 19 9
15 20 10
15 21 3
15 22 3
15 23 1
15 24 7
15 25 5
15 26 6
15 27 10
15 28 7
15 29 10
15 30 1
15 31 4
15 32 7
15 33 2
15 34 5
15 35 4
15 36 3
15 37 3
15 38 4
15 39 8
15 40 1
15 41 5
15 42 1
15 43 1
15 44 10
15 45 6
15 46 10
15 47 9
15 48 2
15 49 3
15 50 4
15 51 3
15 52 9
15 53 8
15 54 1
15 55 8
15 56 1
15 57 2
15 58 4
15 59 7
15 60 2
15 61 2
15 62 2
15 63 2
15 64 10
15 65 10
15 66 7
15 67 8
15 68 9
15 69 6
15 70 5
15 71 10
15 72 7
15 73 1
15 74 4
15 75 4
15 76 6
15 77 4
15 78 5
15 79 8
15 80 2
15 81 6
15 82 10
15 83 7
15 84 4
15 85 7
15 86 1
15 87 8
15 88 2
15 89 8
15 90 2
15 91 5
15 92 6
15 93 2
15 94 2
15 95 5
15 96 1
15 97 10
15 98 9
15 99 6
16 1 2
16 17 4
16 18 5
16 19 2
16 20 5
16 21 4
16 22 10
16 23 1
16 24 1
16 25 1
16 26 5
16 27 6
16 28 5
16 29 9
16 30 1
16 31 3
16 32 5
16 33 7
16 34 1
16 35 7
16 36 7
16 37 6
16 38 2
16 39 6
16 40 5
16 41 8
16 42 2
16 43 1
16 44 3
16 45 1
16 46 6
16 47 6
16 48 1
16 49 4
16 50 1
16 51 3
16 52 10
16 53 9
16 54 10
16 55 9
16 56 4
16 57 6
16 58 1
16 59 9
16 60 4
16 61 10
16 62 1
16 63 8
16 64 7
16 65 7
16 66 1
16 67 8
16 68 7
16 69 4
16 70 7
16 71 6
16 72 2
16 73 5
16 74 8
16 75 2
16 76 4
16 77 4
16 78 7
16 79 2
16 80 8
16 81 2
16 82 10
16 83 2
16 84 7
16 85 2
16 86 7
16 87 7
16 88 3
16 89 3
16 90 3
16 91 9
16 92 3
16 93 7
16 94 1
16 95 6
16 96 4
16 97 9
16 98 2
16 99 4
17 1 1
17 18 3
17 19 4
17 20 9
17 21 5
17 22 5
17 23 2
17 24 7
17 25 9
17 26 7
17 27 2
17 28 3
17 29 6
17 30 10
17 31 1
17 32 6
17 33 3
17 34 6
17 35 2
17 36 9
17 37 6
17 38 4
17 39 7
17 40 3
17 41 2
17 42 5
17 43 6
17 44 1
17 45 7
17 46 1
17 47 10
17 48 8
17 49 1
17 50 10
17 51 6
17 52 2
17 53 6
17 54 10
17 55 1
17 56 9
17 57 3
17 58 6
17 59 7
17 60 4
17 61 3
17 62 7
17 63 8
17 64 5
17 65 2
17 66 4
17 67 1
17 68 1
17 69 8
17 70 7
17 71 7
17 72 8
17 73 8
17 74 7
17 75 2
17 76 6
17 77 9
17 78 8
17 79 7
17 80 7
17 81 9
17 82 4
17 83 2
17 84 7
17 85 8
17 86 9
17 87 7
17 88 6
17 89 6
17 90 1
17 91 5
17 92 9
17 93 3
17 94 7
17 95 2
17 96 7
17 97 10
17 98 3
17 99 6
18 1 9
18 19 3
18 20 9
18 21 8
18 22 3
18 23 10
18 24 2
18 25 5
18 26 6
18 27 4
18 28 10
18 29 9
18 30 6
18 31 9
18 32 3
18 33 3
18 34 9
18 35 3
18 36 9
18 37 6
18 38 6
18 39 10
18 40 6
18 41 9
18 42 9
18 43 8
18 44 10
18 45 9
18 46 9
18 47 5
18 48 7
18 49 3
18 50 3
18 51 5
18 52 1
18 53 6
18 54 2
18 55 8
18 56 1
18 57 9
18 58 7
18 59 2
18 60 6
18 61 7
18 62 3
18 63 5
18 64 9
18 65 1
18 66 1
18 67 2
18 68 2
18 69 8
18 70 1
18 71 5
18 72 5
18 73 6
18 74 10
18 75 3
18 76 10
18 77 8
18 78 5
18 79 6
18 80 1
18 81 5
18 82 7
18 83 9
18 84 1
18 85 3
18 86 8
18 87 10
18 88 1
18 89 10
18 90 7
18 91 7
18 92 3
18 93 9
18 94 3
18 95 7
18 96 10
18 97 6
18 98 1
18 99 2
19 1 9
19 20 7
19 21 2
19 22 4
19 23 10
19 24 6
19 25 6
19 26 10
19 27 3
19 28 1
19 29 7
19 30 9
19 31 8
19 32 9
19 33 8
19 34 3
19 35 4
19 36 9
19 37 9
19 38 1
19 39 6
19 40 3
19 41 8
19 42 1
19 43 2
19 44 9
19 45 5
19 46 4
19 47 8
19 48 3
19 49 8
19 50 1
19 51 2
19 52 4
19 53 2
19 54 8
19 55 1
19 56 4
19 57 8
19 58 10
19 59 9
19 60 3
19 61 5
19 62 2
19 63 2
19 64 2
19 65 3
19 66 9
19 67 5
19 68 7
19 69 3
19 70 2
19 71 6
19 72 7
19 73 8
19 74 1
19 75 9
19 76 1
19 77 7
19 78 2
19 79 6
19 80 6
19 81 10
19 82 6
19 83 6
19 84 5
19 85 2
19 86 7
19 87 1
19 88 4
19 89 9
19 90 4
19 91 10
19 92 8
19 93 2
19 94 3
19 95 10
19 96 9
19 97 1
19 98 4
19 99 10
20 1 6
20 21 2
20 22 4
20 23 2
20 24 7
20 25 6
20 26 1
20 27 3
20 28 8
20 29 9
20 30 2
20 31 2
20 32 5
20 33 7
20 34 3
20 35 2
20 36 7
20 37 5
20 38 1
20 39 5
20 40 2
20 41 6
20 42 5
20 43 7
20 44 2
20 45 10
20 46 6
20 47 1
20 48 4
20 49 9
20 50 1
20 51 1
20 52 8
20 53 5
20 54 2
20 55 8
20 56 9
20 57 7
20 58 8
20 59 3
20 60 3
20 61 2
20 62 1
20 63 5
20 64 10
20 65 10
20 66 7
20 67 7
20 68 2
20 69 8
20 70 4
20 71 9
20 72 8
20 73 5
20 74 6
20 75 10
20 76 8
20 77 3
20 78 9
20 79 4
20 80 5
20 81 8
20 82 9
20 83 1
20 84 5
20 85 3
20 86 6
20 87 10
20 88 2
20 89 4
20 90 3
20 91 5
20 92 5
20 93 1
20 94 10
20 95 9
20 96 7
20 97 2
20 98 1
20 99 9
21 1 5
21 22 5
21 23 10
21 24 5
21 25 1
21 26 9
21 27 3
21 28 6
21 29 4
21 30 2
21 31 6
21 32 7
21 33 10
21 34 5
21 35 9
21 36 9
21 37 2
21 38 7
21 39 2
21 40 3
21 41 2
21 42 4
21 43 10
21 44 6
21 45 6
21 46 2
21 47 7
21 48 3
21 49 7
21 50 4
21 51 5
21 52 9
21 53 6
21 54 5
21 55 5
21 56 1
21 57 2
21 58 5
21 59 3
21 60 9
21 61 6
21 62 5
21 63 10
21 64 7
21 65 6
21 66 8
21 67 10
21 68 3
21 69 8
21 70 6
21 71 5
21 72 8
21 73 9
21 74 6
21 75 1
21 76 10
21 77 3
21 78 5
21 79 8
21 80 6
21 81 1
21 82 5
21 83 3
21 84 1
21 85 10
21 86 9
21 87 1
21 88 1
21 89 8
21 90 10
21 91 9
21 92 7
21 93 7
21 94 6
21 95 7
21 96 2
21 97 10
21 98 6
21 99 10
22 1 2
22 23 2
22 24 8
22 25 9
22 26 6
22 27 8
22 28 10
22 29 2
22 30 1
22 31 2
22 32 9
22 33 9
22 34 6
22 35 5
22 36 9
22 37 1
22 38 9
22 39 10
22 40 2
22 41 8
22 42 4
22 43 1
22 44 7
22 45 7
22 46 1
22 47 7
22 48 4
22 49 3
22 50 10
22 51 1
22 52 7
22 53 7
22 54 5
22 55 4
22 56 3
22 57 7
22 58 4
22 59 4
22 60 9
22 61 8
22 62 6
22 63 5
22 64 9
22 65 10
22 66 9
22 67 6
22 68 1
22 69 7
22 70 9
22 71 9
22 72 7
22 73 7
22 74 1
22 75 7
22 76 3
22 77 10
22 78 8
22 79 8
22 80 8
22 81 9
22 82 6
22 83 6
22 84 9
22 85 9
22 86 4
22 87 1
22 88 1
22 89 1
22 90 4
22 91 8
22 92 5
22 93 3
22 94 1
22 95 2
22 96 5
22 97 7
22 98 3
22 99 4
23 1 8
23 24 9
23 25 10
23 26 7
23 27 10
23 28 7
23 29 7
23 30 9
23 31 3
23 32 4
23 33 9
23 34 9
23 35 5
23 36 1
23 37 9
23 38 7
23 39 6
23 40 10
23 41 7
23 42 9
23 43 3
23 44 4
23 45 3
23 46 8
23 47 3
23 48 7
23 49 9
23 50 6
23 51 1
23 52 3
23 53 3
23 54 3
23 55 3
23 56 10
23 57 7
23 58 9
23 59 5
23 60 1
23 61 10
23 62 4
23 63 7
23 64 9
23 65 10
23 66 2
23 67 8
23 68 5
23 69 6
23 70 1
23 71 5
23 72 8
23 73 7
23 74 6
23 75 9
23 76 3
23 77 5
23 78 3
23 79 6
23 80 7
23 81 2
23 82 3
23 83 6
23 84 8
23 85 9
23 86 9
23 87 3
23 88 7
23 89 10
23 90 6
23 91 5
23 92 1
23 93 7
23 94 10
23 95 4
23 96 9
23 97 2
23 98 6
23 99 4
24 1 8
24 25 8
24 26 5
24 27 8
24 28 1
24 29 9
24 30 3
24 31 6
24 32 2
24 33 7
24 34 7
24 35 9
24 36 6
24 37 7
24 38 2
24 39 9
24 40 1
24 41 4
24 42 1
24 43 1
24 44 7
24 45 9
24 46 7
24 47 8
24 48 3
24 49 2
24 50 2
24 51 3
24 52 8
24 53 8
24 54 9
24 55 6
24 56 2
24 57 10
24 58 9
24 59 9
24 60 9
24 61 7
24 62 9
24 63 8
24 64 6
24 65 5
24 66 8
24 67 3
24 68 5
24 69 9
24 70 4
24 71 4
24 72 8
24 73 4
24 74 2
24 75 9
24 76 1
24 77 8
24 78 7
24 79 4
24 80 10
24 81 8
24 82 3
24 83 8
24 84 7
24 85 2
24 86 5
24 87 4
24 88 5
24 89 7
24 90 10
24 91 10
24 92 7
24 93 8
24 94 9
24 95 1
24 96 4
24 97 1
24 98 1
24 99 9
25 1 9
25 26 7
25 27 3
25 28 1
25 29 5
25 30 6
25 31 7
25 32 8
25 33 3
25 34 2
25 35 4
25 36 5
25 37 4
25 38 6
25 39 5
25 40 3
25 41 4
25 42 4
25 43 8
25 44 5
25 45 9
25 46 1
25 47 9
25 48 2
25 49 8
25 50 2
25 51 4
25 52 9
25 53 9
25 54 1
25 55 8
25 56 3
25 57 2
25 58 5
25 59 6
25 60 5
25 61 7
25 62 3
25 63 2
25 64 9
25 65 7
25 66 2
25 67 1
25 68 2
25 69 5
25 70 4
25 71 10
25 72 6
25 73 6
25 74 7
25 75 8
25 76 1
25 77 1
25 78 10
25 79 8
25 80 4
25 81 7
25 82 5
25 83 9
25 84 4
25 85 9
25 86 7
25 87 5
25 88 3
25 89 7
25 90 6
25 91 8
25 92 10
25 93 3
25 94 9
25 95 7
25 96 5
25 97 2
25 98 2
25 99 4
26 1 7
26 27 4
26 28 10
26 29 10
26 30 8
26 31 7
26 32 5
26 33 4
26 34 7
26 35 5
26 36 6
26 37 8
26 38 2
26 39 3
26 40 5
26 41 2
26 42 8
26 43 8
26 44 7
26 45 3
26 46 7
26 47 8
26 48 7
26 49 7
26 50 1
26 51 10
26 52 7
26 53 8
26 54 4
26 55 10
26 56 10
26 57 9
26 58 5
26 59 1
26 60 2
26 61 8
26 62 6
26 63 10
26 64 6
26 65 1
26 66 8
26 67 5
26 68 4
26 69 3
26 70 7
26 71 9
26 72 10
26 73 7
26 74 4
26 75 4
26 76 6
26 77 1
26 78 1
26 79 8
26 80 9
26 81 9
26 82 3
26 83 9
26 84 9
26 85 10
26 86 8
26 87 5
26 88 10
26 89 1
26 90 10
26 91 4
26 92 8
26 93 6
26 94 3
26 95 3
26 96 4
26 97 7
26 98 2
26 99 3
27 1 2
27 28 5
27 29 1
27 30 3
27 31 10
27 32 6
27 33 9
27 34 7
27 35 9
27 36 10
27 37 3
27 38 9
27 39 3
27 40 7
27 41 3
27 42 8
27 43 6
27 44 6
27 45 5
27 46 3
27 47 9
27 48 5
27 49 5
27 50 4
27 51 9
27 52 5
27 53 3
27 54 1
27 55 6
27 56 6
27 57 5
27 58 2
27 59 10
27 60 8
27 61 7
27 62 10
27 63 8
27 64 1
27 65 9
27 66 3
27 67 3
27 68 5
27 69 9
27 70 6
27 71 10
27 72 3
27 73 4
27 74 3
27 75 7
27 76 7
27 77 4
27 78 6
27 79 3
27 80 3
27 81 1
27 82 9
27 83 7
27 84 6
27 85 4
27 86 8
27 87 1
27 88 8
27 89 9
27 90 10
27 91 9
27 92 2
27 93 6
27 94 5
27 95 10
27 96 4
27 97 2
27 98 9
27 99 3
28 1 1
28 29 2
28 30 10
28 31 9
28 32 10
28 33 3
28 34 5
28 35 5
28 36 2
28 37 4
28 38 10
28 39 9
28 40 4
28 41 2
28 42 8
28 43 6
28 44 2
28 45 10
28 46 7
28 47 3
28 48 7
28 49 7
28 50 10
28 51 6
28 52 2
28 53 2
28 54 9
28 55 8
28 56 7
28 57 8
28 58 8
28 59 10
28 60 7
28 61 5
28 62 5
28 63 2
28 64 6
28 65 2
28 66 7
28 67 10
28 68 6
28 69 7
28 70 8
28 71 7
28 72 8
28 73 5
28 74 7
28 75 1
28 76 3
28 77 8
28 78 7
28 79 3
28 80 3
28 81 5
28 82 2
28 83 7
28 84 3
28 85 9
28 86 5
28 87 5
28 88 6
28 89 1
28 90 4
28 91 1
28 92 7
28 93 7
28 94 9
28 95 6
28 96 1
28 97 6
28 98 4
28 99 2
29 1 2
29 30 2
29 31 1
29 32 3
29 33 5
29 34 5
29 35 1
29 36 3
29 37 6
29 38 5
29 39 1
29 40 3
29 41 2
29 42 8
29 43 10
29 44 3
29 45 2
29 46 2
29 47 7
29 48 6
29 49 6
29 50 5
29 51 2
29 52 6
29 53 10
29 54 4
29 55 6
29 56 8
29 57 4
29 58 2
29 59 9
29 60 9
29 61 5
29 62 9
29 63 5
29 64 1
29 65 1
29 66 7
29 67 2
29 68 9
29 69 2
29 70 5
29 71 8
29 72 4
29 73 9
29 74 6
29 75 5
29 76 1
29 77 9
29 78 3
29 79 4
29 80 3
29 81 1
29 82 5
29 83 7
29 84 2
29 85 1
29 86 1
29 87 10
29 88 9
29 89 1
29 90 7
29 91 3
29 92 2
29 93 2
29 94 6
29 95 8
29 96 5
29 97 6
29 98 5
29 99 6
30 1 1
30 31 4
30 32 6
30 33 4
30 34 2
30 35 4
30 36 1
30 37 4
30 38 6
30 39 7
30 40 8
30 41 9
30 42 10
30 43 6
30 44 7
30 45 3
30 46 4
30 47 9
30 48 6
30 49 4
30 50 5
30 51 7
30 52 10
30 53 9
30 54 8
30 55 6
30 56 3
30 57 3
30 58 10
30 59 5
30 60 7
30 61 7
30 62 9
30 63 4
30 64 2
30 65 5
30 66 2
30 67 3
30 68 8
30 69 4
30 70 5
30 71 1
30 72 1
30 73 9
30 74 5
30 75 6
30 76 1
30 77 9
30 78 5
30 79 3
30 80 6
30 81 8
30 82 3
30 83 2
30 84 9
30 85 5
30 86 6
30 87 2
30 88 8
30 89 3
30 90 1
30 91 5
30 92 2
30 93 2
30 94 5
30 95 9
30 96 5
30 97 10
30 98 7
30 99 3
31 1 3
31 32 10
31 33 9
31 34 4
31 35 4
31 36 8
31 37 6
31 38 4
31 39 9
31 40 4
31 41 1
31 42 8
31 43 5
31 44 10
31 45 1
31 46 7
31 47 2
31 48 3
31 49 10
31 50 9
31 51 5
31 52 7
31 53 5
31 54 9
31 55 2
31 56 2
31 57 10
31 58 7
31 59 1
31 60 10
31 61 5
31 62 8
31 63 6
31 64 2
31 65 3
31 66 2
31 67 10
31 68 8
31 69 10
31 70 5
31 71 5
31 72 1
31 73 5
31 74 7
31 75 5
31 76 2
31 77 10
31 78 1
31 79 1
31 80 10
31 81 3
31 82 10
31 83 9
31 84 2
31 85 1
31 86 5
31 87 9
31 88 7
31 89 4
31 90 1
31 91 6
31 92 3
31 93 7
31 94 6
31 95 7
31 96 3
31 97 5
31 98 5
31 99 9
32 1 8
32 33 1
32 34 7
32 35 2
32 36 8
32 37 1
32 38 6
32 39 6
32 40 5
32 41 9
32 42 1
32 43 1
32 44 10
32 45 4
32 46 1
32 47 9
32 48 2
32 49 1
32 50 8
32 51 10
32 52 1
32 53 5
32 54 6
32 55 10
32 56 4
32 57 9
32 58 3
32 59 10
32 60 5
32 61 10
32 62 8
32 63 4
32 64 9
32 65 10
32 66 10
32 67 10
32 68 7
32 69 8
32 70 8
32 71 5
32 72 6
32 73 5
32 74 2
32 75 3
32 76 5
32 77 8
32 78 8
32 79 3
32 80 9
32 81 4
32 82 7
32 83 5
32 84 5
32 85 4
32 86 10
32 87 1
32 88 2
32 89 7
32 90 1
32 91 10
32 92 5
32 93 2
32 94 10
32 95 5
32 96 5
32 97 8
32 98 5
32 99 2
33 1 5
33 34 7
33 35 5
33 36 10
33 37 5
33 38 9
33 39 2
33 40 2
33 41 4
33 42 10
33 43 6
33 44 10
33 45 10
33 46 4
33 47 1
33 48 9
33 49 4
33 50 8
33 51 10
33 52 4
33 53 8
33 54 7
33 55 3
33 56 10
33 57 6
33 58 2
33 59 9
33 60 2
33 61 9
33 62 9
33 63 1
33 64 3
33 65 7
33 66 8
33 67 3
33 68 8
33 69 9
33 70 9
33 71 7
33 72 4
33 73 1
33 74 7
33 75 7
33 76 6
33 77 6
33 78 4
33 79 10
33 80 7
33 81 7
33 82 1
33 83 4
33 84 9
33 85 10
33 86 8
33 87 7
33 88 10
33 89 5
33 90 9
33 91 1
33 92 10
33 93 9
33 94 2
33 95 10
33 96 3
33 97 10
33 98 3
33 99 9
34 1 4
34 35 7
34 36 3
34 37 7
34 38 8
34 39 2
34 40 9
34 41 7
34 42 10
34 43 4
34 44 4
34 45 2
34 46 4
34 47 1
34 48 8
34 49 9
34 50 6
34 51 6
34 52 8
34 53 9
34 54 10
34 55 8
34 56 6
34 57 8
34 58 2
34 59 6
34 60 5
34 61 2
34 62 10
34 63 9
34 64 7
34 65 8
34 66 1
34 67 9
34 68 8
34 69 2
34 70 5
34 71 2
34 72 1
34 73 1
34 74 7
34 75 7
34 76 9
34 77 4
34 78 7
34 79 9
34 80 3
34 81 4
34 82 1
34 83 2
34 84 9
34 85 3
34 86 2
34 87 5
34 88 9
34 89 7
34 90 3
34 91 8
34 92 5
34 93 1
34 94 7
34 95 10
34 96 8
34 97 9
34 98 8
34 99 10
35 1 1
35 36 5
35 37 9
35 38 7
35 39 9
35 40 4
35 41 8
35 42 3
35 43 4
35 44 5
35 45 9
35 46 2
35 47 7
35 48 5
35 49 2
35 50 1
35 51 4
35 52 10
35 53 8
35 54 5
35 55 7
35 56 6
35 57 5
35 58 9
35 59 1
35 60 9
35 61 5
35 62 9
35 63 1
35 64 7
35 65 7
35 66 1
35 67 1
35 68 4
35 69 9
35 70 7
35 71 8
35 72 1
35 73 6
35 74 9
35 75 8
35 76 9
35 77 8
35 78 6
35 79 8
35 80 6
35 81 6
35 82 7
35 83 6
35 84 1
35 85 9
35 86 7
35 87 6
35 88 4
35 89 8
35 90 5
35 91 2
35 92 9
35 93 4
35 94 1
35 95 6
35 96 5
35 97 8
35 98 1
35 99 6
36 1 10
36 37 2
36 38 5
36 39 5
36 40 2
36 41 8
36 42 1
36 43 3
36 44 9
36 45 6
36 46 8
36 47 10
36 48 7
36 49 9
36 50 6
36 51 6
36 52 1
36 53 5
36 54 8
36 55 3
36 56 8
36 57 3
36 58 4
36 59 2
36 60 8
36 61 10
36 62 1
36 63 9
36 64 3
36 65 3
36 66 2
36 67 1
36 68 3
36 69 1
36 70 10
36 71 6
36 72 3
36 73 9
36 74 1
36 75 8
36 76 2
36 77 8
36 78 6
36 79 1
36 80 10
36 81 4
36 82 10
36 83 6
36 84 7
36 85 8
36 86 9
36 87 4
36 88 8
36 89 5
36 90 8
36 91 8
36 92 7
36 93 3
36 94 9
36 95 3
36 96 3
36 97 8
36 98 10
36 99 9
37 1 4
37 38 1
37 39 2
37 40 10
37 41 3
37 42 7
37 43 2
37 44 7
37 45 7
37 46 6
37 47 6
37 48 5
37 49 1
37 50 9
37 51 1
37 52 4
37 53 5
37 54 5
37 55 3
37 56 5
37 57 6
37 58 1
37 59 5
37 60 8
37 61 8
37 62 6
37 63 1
37 64 3
37 65 1
37 66 6
37 67 2
37 68 9
37 69 1
37 70 10
37 71 4
37 72 2
37 73 8
37 74 9
37 75 6
37 76 2
37 77 10
37 78 10
37 79 5
37 80 9
37 81 5
37 82 1
37 83 10
37 84 7
37 85 9
37 86 2
37 87 6
37 88 5
37 89 1
37 90 5
37 91 3
37 92 2
37 93 8
37 94 6
37 95 10
37 96 9
37 97 5
37 98 7
37 99 7
38 1 7
38 39 2
38 40 2
38 41 3
38 42 7
38 43 4
38 44 5
38 45 5
38 46 3
38 47 4
38 48 6
38 49 9
38 50 3
38 51 1
38 52 6
38 53 2
38 54 7
38 55 2
38 56 5
38 57 5
38 58 5
38 59 4
38 60 1
38 61 2
38 62 4
38 63 6
38 64 8
38 65 3
38 66 3
38 67 10
38 68 7
38 69 7
38 70 6
38 71 1
38 72 2
38 73 1
38 74 4
38 75 8
38 76 5
38 77 2
38 78 3
38 79 5
38 80 7
38 81 4
38 82 8
38 83 6
38 84 9
38 85 5
38 86 9
38 87 8
38 88 2
38 89 3
38 90 6
38 91 6
38 92 3
38 93 7
38 94 9
38 95 3
38 96 10
38 97 5
38 98 6
38 99 3
39 1 4
39 40 6
39 41 1
39 42 8
39 43 1
39 44 6
39 45 3
39 46 7
39 47 3
39 48 7
39 49 4
39 50 3
39 51 7
39 52 6
39 53 1
39 54 1
39 55 1
39 56 9
39 57 10
39 58 7
39 59 1
39 60 4
39 61 10
39 62 3
39 63 8
39 64 3
39 65 9
39 66 10
39 67 8
39 68 4
39 69 4
39 70 10
39 71 2
39 72 3
39 73 7
39 74 2
39 75 6
39 76 6
39 77 10
39 78 7
39 79 1
39 80 1
39 81 1
39 82 10
39 83 9
39 84 1
39 85 10
39 86 9
39 87 3
39 88 3
39 89 10
39 90 9
39 91 9
39 92 10
39 93 3
39 94 10
39 95 7
39 96 8
39 97 4
39 98 9
39 99 7
40 1 7
40 41 8
40 42 2
40 43 6
40 44 7
40 45 3
40 46 9
40 47 10
40 48 8
40 49 5
40 50 10
40 51 1
40 52 9
40 53 4
40 54 3
40 55 6
40 56 2
40 57 1
40 58 2
40 59 1
40 60 1
40 61 9
40 62 4
40 63 5
40 64 5
40 65 9
40 66 2
40 67 8
40 68 6
40 69 2
40 70 5
40 71 10
40 72 1
40 73 10
40 74 1
40 75 9
40 76 6
40 77 1
40 78 3
40 79 8
40 80 3
40 81 3
40 82 1
40 83 9
40 84 1
40 85 7
40 86 10
40 87 1
40 88 6
40 89 3
40 90 2
40 91 4
40 92 4
40 93 3
40 94 4
40 95 6
40 96 1
40 97 3
40 98 1
40 99 8
41 1 7
41 42 10
41 43 10
41 44 10
41 45 3
41 46 4
41 47 2
41 48 8
41 49 3
41 50 1
41 51 9
41 52 8
41 53 4
41 54 4
41 55 6
41 56 6
41 57 4
41 58 5
41 59 9
41 60 1
41 61 8
41 62 3
41 63 3
41 64 8
41 65 2
41 66 6
41 67 10
41 68 4
41 69 10
41 70 6
41 71 9
41 72 5
41 73 4
41 74 2
41 75 10
41 76 3
41 77 3
41 78 7
41 79 6
41 80 4
41 81 3
41 82 9
41 83 5
41 84 1
41 85 5
41 86 7
41 87 7
41 88 10
41 89 5
41 90 3
41 91 1
41 92 2
41 93 4
41 94 5
41 95 1
41 96 2
41 97 6
41 98 7
41 99 10
42 1 5
42 43 10
42 44 2
42 45 2
42 46 6
42 47 10
42 48 1
42 49 4
42 50 1
42 51 7
42 52 9
42 53 3
42 54 2
42 55 9
42 56 6
42 57 3
42 58 2
42 59 10
42 60 4
42 61 3
42 62 4
42 63 4
42 64 10
42 65 10
42 66 8
42 67 4
42 68 1
42 69 3
42 70 10
42 71 2
42 72 8
42 73 10
42 74 10
42 75 1
42 76 4
42 77 8
42 78 8
42 79 6
42 80 7
42 81 9
42 82 5
42 83 2
42 84 9
42 85 10
42 86 2
42 87 6
42 88 1
42 89 3
42 90 10
42 91 5
42 92 3
42 93 2
42 94 9
42 95 1
42 96 3
42 97 5
42 98 6
42 99 6
43 1 3
43 44 9
43 45 2
43 46 8
43 47 8
43 48 6
43 49 2
43 50 3
43 51 5
43 52 6
43 53 8
43 54 6
43 55 9
43 56 7
43 57 10
43 58 7
43 59 4
43 60 9
43 61 6
43 62 3
43 63 9
43 64 3
43 65 4
43 66 7
43 67 8
43 68 4
43 69 7
43 70 4
43 71 3
43 72 3
43 73 4
43 74 8
43 75 7
43 76 1
43 77 5
43 78 4
43 79 4
43 80 1
43 81 6
43 82 10
43 83 1
43 84 2
43 85 8
43 86 8
43 87 5
43 88 4
43 89 4
43 90 7
43 91 6
43 92 1
43 93 10
43 94 6
43 95 1
43 96 6
43 97 5
43 98 7
43 99 3
44 1 5
44 45 6
44 46 7
44 47 7
44 48 3
44 49 10
44 50 1
44 51 7
44 52 8
44 53 3
44 54 9
44 55 2
44 56 2
44 57 1
44 58 4
44 59 1
44 60 10
44 61 3
44 62 3
44 63 10
44 64 8
44 65 4
44 66 8
44 67 10
44 68 10
44 69 1
44 70 2
44 71 6
44 72 1
44 73 7
44 74 6
44 75 4
44 76 7
44 77 3
44 78 3
44 79 7
44 80 3
44 81 3
44 82 4
44 83 8
44 84 10
44 85 6
44 86 7
44 87 8
44 88 6
44 89 7
44 90 4
44 91 4
44 92 9
44 93 1
44 94 6
44 95 1
44 96 7
44 97 8
44 98 1
44 99 1
45 1 2
45 46 3
45 47 3
45 48 7
45 49 6
45 50 6
45 51 9
45 52 8
45 53 9
45 54 4
45 55 10
45 56 1
45 57 2
45 58 1
45 59 4
45 60 1
45 61 2
45 62 4
45 63 5
45 64 1
45 65 2
45 66 2
45 67 2
45 68 10
45 69 5
45 70 3
45 71 9
45 72 3
45 73 3
45 74 4
45 75 7
45 76 10
45 77 7
45 78 10
45 79 7
45 80 6
45 81 3
45 82 5
45 83 7
45 84 4
45 85 1
45 86 7
45 87 1
45 88 4
45 89 5
45 90 9
45 91 3
45 92 10
45 93 7
45 94 10
45 95 1
45 96 8
45 97 5
45 98 5
45 99 2
46 1 7
46 47 5
46 48 10
46 49 3
46 50 1
46 51 4
46 52 6
46 53 4
46 54 9
46 55 5
46 56 7
46 57 8
46 58 7
46 59 5
46 60 4
46 61 5
46 62 2
46 63 10
46 64 9
46 65 6
46 66 7
46 67 7
46 68 10
46 69 1
46 70 1
46 71 1
46 72 8
46 73 8
46 74 7
46 75 5
46 76 9
46 77 3
46 78 3
46 79 2
46 80 2
46 81 3
46 82 3
46 83 10
46 84 2
46 85 8
46 86 8
46 87 6
46 88 4
46 89 3
46 90 7
46 91 9
46 92 9
46 93 5
46 94 5
46 95 1
46 96 2
46 97 9
46 98 3
46 99 5
47 1 2
47 48 5
47 49 1
47 50 7
47 51 1
47 52 1
47 53 5
47 54 7
47 55 6
47 56 2
47 57 3
47 58 3
47 59 6
47 60 7
47 61 1
47 62 5
47 63 6
47 64 9
47 65 10
47 66 2
47 67 2
47 68 10
47 69 7
47 70 10
47 71 4
47 72 9
47 73 6
47 74 9
47 75 6
47 76 1
47 77 7
47 78 2
47 79 1
47 80 1
47 81 1
47 82 7
47 83 8
47 84 3
47 85 6
47 86 1
47 87 7
47 88 1
47 89 4
47 90 2
47 91 3
47 92 7
47 93 1
47 94 2
47 95 8
47 96 5
47 97 2
47 98 7
47 99 3
48 1 2
48 49 4
48 50 5
48 51 9
48 52 5
48 53 6
48 54 5
48 55 8
48 56 5
48 57 9
48 58 8
48 59 4
48 60 5
48 61 4
48 62 6
48 63 10
48 64 6
48 65 8
48 66 3
48 67 5
48 68 10
48 69 3
48 70 10
48 71 6
48 72 10
48 73 7
48 74 10
48 75 4
48 76 6
48 77 1
48 78 3
48 79 7
48 80 3
48 81 2
48 82 5
48 83 4
48 84 1
48 85 9
48 86 4
48 87 4
48 88 1
48 89 4
48 90 7
48 91 2
48 92 7
48 93 8
48 94 9
48 95 6
48 96 1
48 97 7
48 98 1
48 99 2
49 1 6
49 50 10
49 51 6
49 52 10
49 53 1
49 54 10
49 55 9
49 56 5
49 57 10
49 58 2
49 59 5
49 60 9
49 61 4
49 62 10
49 63 2
49 64 8
49 65 3
49 66 4
49 67 2
49 68 5
49 69 1
49 70 5
49 71 2
49 72 6
49 73 5
49 74 9
49 75 7
49 76 5
49 77 5
49 78 9
49 79 4
49 80 4
49 81 2
49 82 7
49 83 2
49 84 8
49 85 2
49 86 8
49 87 1
49 88 7
49 89 2
49 90 4
49 91 7
49 92 3
49 93 8
49 94 5
49 95 7
49 96 4
49 97 4
49 98 2
49 99 5
50 1 5
50 51 6
50 52 1
50 53 3
50 54 8
50 55 8
50 56 7
50 57 4
50 58 7
50 59 1
50 60 4
50 61 10
50 62 9
50 63 4
50 64 7
50 65 4
50 66 8
50 67 4
50 68 8
50 69 5
50 70 1
50 71 5
50 72 10
50 73 5
50 74 3
50 75 1
50 76 5
50 77 9
50 78 10
50 79 2
50 80 8
50 81 8
50 82 5
50 83 8
50 84 7
50 85 1
50 86 7
50 87 5
50 88 1
50 89 5
50 90 2
50 91 1
50 92 4
50 93 1
50 94 9
50 95 3
50 96 10
50 97 5
50 98 5
50 99 5
51 1 6
51 52 1
51 53 8
51 54 4
51 55 5
51 56 5
51 57 4
51 58 4
51 59 5
51 60 6
51 61 7
51 62 3
51 63 7
51 64 1
51 65 7
51 66 1
51 67 1
51 68 1
51 69 2
51 70 3
51 71 10
51 72 10
51 73 5
51 74 1
51 75 10
51 76 10
51 77 3
51 78 5
51 79 3
51 80 4
51 81 9
51 82 1
51 83 5
51 84 9
51 85 4
51 86 10
51 87 7
51 88 8
51 89 3
51 90 9
51 91 2
51 92 10
51 93 6
51 94 3
51 95 3
51 96 6
51 97 10
51 98 6
51 99 3
52 1 3
52 53 1
52 54 7
52 55 4
52 56 3
52 57 3
52 58 4
52 59 5
52 60 8
52 61 5
52 62 5
52 63 5
52 64 8
52 65 6
52 66 8
52 67 8
52 68 10
52 69 7
52 70 8
52 71 5
52 72 5
52 73 7
52 74 8
52 75 8
52 76 10
52 77 1
52 78 1
52 79 9
52 80 2
52 81 10
52 82 9
52 83 1
52 84 6
52 85 7
52 86 9
52 87 4
52 88 9
52 89 2
52 90 8
52 91 7
52 92 10
52 93 9
52 94 2
52 95 1
52 96 4
52 97 2
52 98 1
52 99 3
53 1 1
53 54 1
53 55 5
53 56 1
53 57 10
53 58 9
53 59 5
53 60 2
53 61 8
53 62 1
53 63 2
53 64 9
53 65 8
53 66 10
53 67 8
53 68 9
53 69 4
53 70 2
53 71 8
53 72 3
53 73 4
53 74 6
53 75 1
53 76 5
53 77 7
53 78 1
53 79 6
53 80 3
53 81 6
53 82 7
53 83 8
53 84 8
53 85 9
53 86 6
53 87 7
53 88 4
53 89 1
53 90 9
53 91 8
53 92 6
53 93 1
53 94 2
53 95 3
53 96 9
53 97 9
53 98 3
53 99 7
54 1 2
54 55 2
54 56 6
54 57 5
54 58 3
54 59 9
54 60 8
54 61 10
54 62 5
54 63 6
54 64 8
54 65 5
54 66 8
54 67 9
54 68 4
54 69 2
54 70 5
54 71 4
54 72 6
54 73 1
54 74 2
54 75 8
54 76 2
54 77 1
54 78 8
54 79 7
54 80 1
54 81 9
54 82 4
54 83 7
54 84 6
54 85 9
54 86 7
54 87 1
54 88 7
54 89 10
54 90 4
54 91 9
54 92 1
54 93 5
54 94 7
54 95 7
54 96 2
54 97 7
54 98 9
54 99 1
55 1 10
55 56 3
55 57 2
55 58 10
55 59 10
55 60 9
55 61 10
55 62 7
55 63 6
55 64 5
55 65 5
55 66 7
55 67 7
55 68 8
55 69 3
55 70 4
55 71 2
55 72 1
55 73 5
55 74 8
55 75 6
55 76 5
55 77 9
55 78 7
55 79 5
55 80 5
55 81 2
55 82 3
55 83 3
55 84 5
55 85 8
55 86 7
55 87 2
55 88 3
55 89 9
55 90 3
55 91 7
55 92 10
55 93 10
55 94 3
55 95 7
55 96 1
55 97 4
55 98 4
55 99 10
56 1 1
56 57 10
56 58 5
56 59 8
56 60 8
56 61 5
56 62 4
56 63 3
56 64 7
56 65 2
56 66 4
56 67 8
56 68 5
56 69 1
56 70 6
56 71 5
56 72 3
56 73 10
56 74 3
56 75 4
56 76 4
56 77 5
56 78 9
56 79 1
56 80 6
56 81 5
56 82 3
56 83 8
56 84 1
56 85 1
56 86 2
56 87 7
56 88 7
56 89 6
56 90 2
56 91 9
56 92 6
56 93 2
56 94 1
56 95 7
56 96 4
56 97 9
56 98 3
56 99 3
57 1 7
57 58 7
57 59 4
57 60 9
57 61 4
57 62 5
57 63 2
57 64 3
57 65 2
57 66 6
57 67 6
57 68 5
57 69 9
57 70 6
57 71 8
57 72 7
57 73 10
57 74 9
57 75 9
57 76 10
57 77 4
57 78 5
57 79 1
57 80 10
57 81 10
57 82 1
57 83 8
57 84 10
57 85 10
57 86 5
57 87 1
57 88 1
57 89 9
57 90 7
57 91 1
57 92 7
57 93 7
57 94 6
57 95 2
57 96 7
57 97 5
57 98 9
57 99 6
58 1 6
58 59 10
58 60 7
58 61 2
58 62 8
58 63 5
58 64 3
58 65 1
58 66 5
58 67 2
58 68 7
58 69 5
58 70 6
58 71 6
58 72 5
58 73 8
58 74 4
58 75 6
58 76 4
58 77 1
58 78 1
58 79 8
58 80 10
58 81 4
58 82 8
58 83 2
58 84 9
58 85 10
58 86 5
58 87 3
58 88 4
58 89 1
58 90 5
58 91 6
58 92 10
58 93 4
58 94 9
58 95 1
58 96 5
58 97 5
58 98 10
58 99 3
59 1 10
59 60 10
59 61 4
59 62 3
59 63 2
59 64 6
59 65 3
59 66 1
59 67 10
59 68 7
59 69 6
59 70 4
59 71 7
59 72 3
59 73 10
59 74 4
59 75 4
59 76 8
59 77 4
59 78 1
59 79 9
59 80 2
59 81 9
59 82 1
59 83 7
59 84 5
59 85 7
59 86 6
59 87 2
59 88 2
59 89 7
59 90 10
59 91 3
59 92 6
59 93 4
59 94 4
59 95 5
59 96 2
59 97 7
59 98 3
59 99 10
60 1 5
60 61 8
60 62 2
60 63 7
60 64 3
60 65 1
60 66 9
60 67 5
60 68 6
60 69 4
60 70 4
60 71 10
60 72 5
60 73 1
60 74 3
60 75 8
60 76 6
60 77 9
60 78 7
60 79 7
60 80 2
60 81 8
60 82 1
60 83 10
60 84 5
60 85 5
60 86 6
60 87 9
60 88 2
60 89 1
60 90 5
60 91 7
60 92 4
60 93 5
60 94 2
60 95 8
60 96 5
60 97 4
60 98 4
60 99 9
61 1 5
61 62 4
61 63 3
61 64 10
61 65 10
61 66 2
61 67 4
61 68 5
61 69 9
61 70 3
61 71 3
61 72 1
61 73 7
61 74 5
61 75 6
61 76 8
61 77 2
61 78 10
61 79 6
61 80 8
61 81 8
61 82 2
61 83 9
61 84 7
61 85 9
61 86 9
61 87 7
61 88 6
61 89 9
61 90 8
61 91 8
61 92 4
61 93 1
61 94 4
61 95 3
61 96 5
61 97 7
61 98 7
61 99 3
62 1 6
62 63 2
62 64 1
62 65 4
62 66 4
62 67 4
62 68 2
62 69 4
62 70 3
62 71 4
62 72 3
62 73 8
62 74 8
62 75 2
62 76 8
62 77 10
62 78 10
62 79 2
62 80 1
62 81 9
62 82 7
62 83 10
62 84 8
62 85 4
62 86 8
62 87 8
62 88 7
62 89 10
62 90 4
62 91 9
62 92 8
62 93 10
62 94 6
62 95 7
62 96 9
62 97 10
62 98 1
62 99 2
63 1 6
63 64 2
63 65 2
63 66 5
63 67 9
63 68 5
63 69 4
63 70 9
63 71 8
63 72 1
63 73 10
63 74 4
63 75 7
63 76 3
63 77 9
63 78 2
63 79 7
63 80 4
63 81 10
63 82 10
63 83 4
63 84 6
63 85 6
63 86 5
63 87 10
63 88 10
63 89 9
63 90 9
63 91 3
63 92 6
63 93 8
63 94 4
63 95 10
63 96 2
63 97 10
63 98 3
63 99 7
64 1 9
64 65 8
64 66 9
64 67 5
64 68 4
64 69 6
64 70 3
64 71 4
64 72 1
64 73 1
64 74 6
64 75 10
64 76 9
64 77 9
64 78 6
64 79 5
64 80 2
64 81 9
64 82 1
64 83 1
64 84 6
64 85 1
64 86 5
64 87 3
64 88 2
64 89 2
64 90 9
64 91 4
64 92 4
64 93 4
64 94 9
64 95 2
64 96 6
64 97 1
64 98 3
64 99 4
65 1 1
65 66 5
65 67 8
65 68 2
65 69 1
65 70 8
65 71 4
65 72 4
65 73 4
65 74 6
65 75 6
65 76 3
65 77 10
65 78 9
65 79 10
65 80 3
65 81 8
65 82 6
65 83 1
65 84 4
65 85 1
65 86 10
65 87 2
65 88 5
65 89 3
65 90 7
65 91 9
65 92 4
65 93 10
65 94 5
65 95 5
65 96 1
65 97 9
65 98 10
65 99 8
66 1 1
66 67 8
66 68 7
66 69 10
66 70 8
66 71 5
66 72 8
66 73 7
66 74 6
66 75 9
66 76 6
66 77 5
66 78 8
66 79 5
66 80 5
66 81 9
66 82 3
66 83 5
66 84 4
66 85 1
66 86 5
66 87 2
66 88 4
66 89 7
66 90 3
66 91 6
66 92 4
66 93 2
66 94 8
66 95 3
66 96 10
66 97 5
66 98 5
66 99 5
67 1 7
67 68 8
67 69 6
67 70 4
67 71 6
67 72 6
67 73 10
67 74 8
67 75 5
67 76 6
67 77 9
67 78 9
67 79 2
67 80 7
67 81 2
67 82 6
67 83 8
67 84 4
67 85 10
67 86 9
67 87 8
67 88 5
67 89 3
67 90 1
67 91 3
67 92 3
67 93 8
67 94 3
67 95 10
67 96 2
67 97 4
67 98 10
67 99 7
68 1 2
68 69 4
68 70 3
68 71 6
68 72 10
68 73 8
68 74 3
68 75 7
68 76 9
68 77 4
68 78 9
68 79 1
68 80 10
68 81 9
68 82 9
68 83 1
68 84 7
68 85 1
68 86 2
68 87 7
68 88 5
68 89 8
68 90 6
68 91 2
68 92 7
68 93 1
68 94 3
68 95 2
68 96 6
68 97 8
68 98 10
68 99 6
69 1 6
69 70 6
69 71 2
69 72 5
69 73 2
69 74 10
69 75 4
69 76 6
69 77 9
69 78 9
69 79 10
69 80 10
69 81 10
69 82 2
69 83 4
69 84 5
69 85 2
69 86 1
69 87 9
69 88 6
69 89 1
69 90 7
69 91 1
69 92 2
69 93 6
69 94 10
69 95 2
69 96 5
69 97 1
69 98 2
69 99 4
70 1 7
70 71 1
70 72 9
70 73 8
70 74 7
70 75 6
70 76 5
70 77 5
70 78 2
70 79 9
70 80 1
70 81 3
70 82 2
70 83 4
70 84 3
70 85 1
70 86 9
70 87 4
70 88 7
70 89 2
70 90 3
70 91 7
70 92 1
70 93 5
70 94 4
70 95 9
70 96 8
70 97 7
70 98 7
70 99 6
71 1 7
71 72 8
71 73 3
71 74 6
71 75 9
71 76 9
71 77 10
71 78 7
71 79 4
71 80 6
71 81 10
71 82 8
71 83 6
71 84 10
71 85 9
71 86 3
71 87 8
71 88 2
71 89 7
71 90 4
71 91 1
71 92 10
71 93 9
71 94 7
71 95 8
71 96 7
71 97 10
71 98 8
71 99 10
72 1 1
72 73 6
72 74 7
72 75 8
72 76 4
72 77 2
72 78 9
72 79 9
72 80 8
72 81 3
72 82 9
72 83 3
72 84 10
72 85 4
72 86 4
72 87 8
72 88 8
72 89 9
72 90 6
72 91 8
72 92 9
72 93 10
72 94 10
72 95 4
72 96 7
72 97 3
72 98 2
72 99 7
73 1 10
73 74 6
73 75 4
73 76 9
73 77 9
73 78 5
73 79 8
73 80 4
73 81 7
73 82 6
73 83 7
73 84 1
73 85 5
73 86 6
73 87 3
73 88 2
73 89 6
73 90 10
73 91 8
73 92 1
73 93 2
73 94 6
73 95 6
73 96 5
73 97 10
73 98 6
73 99 9
74 1 4
74 75 4
74 76 2
74 77 2
74 78 10
74 79 2
74 80 2
74 81 9
74 82 3
74 83 7
74 84 1
74 85 2
74 86 7
74 87 10
74 88 6
74 89 9
74 90 6
74 91 1
74 92 7
74 93 10
74 94 9
74 95 3
74 96 7
74 97 9
74 98 7
74 99 3
75 1 5
75 76 1
75 77 7
75 78 4
75 79 6
75 80 2
75 81 3
75 82 3
75 83 4
75 84 4
75 85 3
75 86 7
75 87 2
75 88 9
75 89 8
75 90 4
75 91 1
75 92 6
75 93 4
75 94 1
75 95 6
75 96 10
75 97 6
75 98 6
75 99 2
76 1 5
76 77 2
76 78 5
76 79 2
76 80 9
76 81 9
76 82 7
76 83 9
76 84 6
76 85 1
76 86 2
76 87 4
76 88 3
76 89 4
76 90 8
76 91 9
76 92 8
76 93 8
76 94 6
76 95 9
76 96 6
76 97 5
76 98 5
76 99 2
77 1 1
77 78 1
77 79 8
77 80 5
77 81 2
77 82 7
77 83 4
77 84 7
77 85 9
77 86 6
77 87 5
77 88 6
77 89 4
77 90 10
77 91 7
77 92 2
77 93 9
77 94 1
77 95 4
77 96 10
77 97 1
77 98 9
77 99 9
78 1 5
78 79 2
78 80 6
78 81 9
78 82 4
78 83 2
78 84 6
78 85 8
78 86 5
78 87 8
78 88 1
78 89 2
78 90 8
78 91 8
78 92 8
78 93 6
78 94 3
78 95 7
78 96 6
78 97 4
78 98 6
78 99 6
79 1 2
79 80 6
79 81 10
79 82 9
79 83 6
79 84 9
79 85 1
79 86 9
79 87 3
79 88 2
79 89 5
79 90 5
79 91 10
79 92 2
79 93 2
79 94 3
79 95 3
79 96 7
79 97 9
79 98 8
79 99 10
80 1 4
80 81 9
80 82 6
80 83 4
80 84 4
80 85 3
80 86 4
80 87 5
80 88 3
80 89 1
80 90 4
80 91 10
80 92 5
80 93 10
80 94 4
80 95 5
80 96 7
80 97 10
80 98 6
80 99 2
81 1 10
81 82 7
81 83 5
81 84 3
81 85 6
81 86 5
81 87 3
81 88 6
81 89 4
81 90 3
81 91 2
81 92 6
81 93 10
81 94 4
81 95 6
81 96 4
81 97 5
81 98 10
81 99 2
82 1 1
82 83 5
82 84 10
82 85 1
82 86 2
82 87 6
82 88 6
82 89 3
82 90 10
82 91 8
82 92 10
82 93 1
82 94 5
82 95 5
82 96 5
82 97 2
82 98 9
82 99 4
83 1 9
83 84 8
83 85 10
83 86 8
83 87 8
83 88 9
83 89 1
83 90 10
83 91 10
83 92 2
83 93 3
83 94 6
83 95 4
83 96 6
83 97 4
83 98 10
83 99 1
84 1 8
84 85 5
84 86 10
84 87 4
84 88 1
84 89 9
84 90 9
84 91 9
84 92 8
84 93 3
84 94 1
84 95 2
84 96 9
84 97 9
84 98 7
84 99 3
85 1 3
85 86 9
85 87 9
85 88 3
85 89 9
85 90 3
85 91 9
85 92 9
85 93 7
85 94 6
85 95 8
85 96 8
85 97 6
85 98 10
85 99 9
86 1 9
86 87 5
86 88 4
86 89 2
86 90 2
86 91 10
86 92 2
86 93 2
86 94 8
86 95 9
86 96 5
86 97 10
86 98 9
86 99 10
87 1 1
87 88 1
87 89 1
87 90 5
87 91 7
87 92 2
87 93 7
87 94 8
87 95 6
87 96 3
87 97 10
87 98 8
87 99 10
88 1 8
88 89 10
88 90 6
88 91 9
88 92 7
88 93 4
88 94 1
88 95 3
88 96 6
88 97 10
88 98 8
88 99 9
89 1 4
89 90 1
89 91 6
89 92 3
89 93 10
89 94 2
89 95 4
89 96 1
89 97 4
89 98 10
89 99 9
90 1 8
90 91 3
90 92 1
90 93 1
90 94 8
90 95 5
90 96 4
90 97 4
90 98 4
90 99 8
91 1 6
91 92 3
91 93 4
91 94 9
91 95 9
91 96 2
91 97 3
91 98 9
91 99 4
92 1 9
92 93 2
92 94 5
92 95 9
92 96 3
92 97 3
92 98 9
92 99 2
93 1 7
93 94 2
93 95 3
93 96 10
93 97 10
93 98 2
93 99 9
94 1 8
94 95 2
94 96 5
94 97 7
94 98 8
94 99 6
95 1 8
95 96 5
95 97 4
95 98 2
95 99 6
96 1 6
96 97 1
96 98 5
96 99 1
97 1 6
97 98 4
97 99 4
98 1 3
98 99 9
99 1 7